243
44 10
43 10
45 10
45 11
45 12
45 13
44 11
46 10
39 40
38 40
38 39
37 39
39 39
37 40
38 41
38 42
3 25
2 25
2 26
1 25
1 24
1 23
1 22
1 21
21 29
20 29
21 30
20 28
22 29
19 29
18 29
17 29
8 13
7 13
6 13
6 14
7 14
7 15
8 15
8 16
3 46
3 47
3 48
2 48
3 49
2 47
1 47
1 46
10 12
9 12
9 11
11 12
11 11
12 11
12 10
11 10
48 5
47 5
49 5
48 4
46 5
46 4
46 3
47 3
50 44
49 44
49 43
50 45
50 43
49 45
49 46
49 47
43 17
44 17
43 16
44 18
45 18
46 18
46 19
47 19
41 10
41 11
40 11
41 12
41 13
42 13
40 13
41 14
39 24
38 24
38 25
40 24
40 25
40 23
41 24
41 23
18 12
18 13
19 13
20 13
19 14
19 15
18 15
17 15
27 42
26 42
25 42
26 43
25 43
27 43
24 42
23 42
25 10
25 11
25 9
24 9
26 10
27 10
27 9
27 8
33 3
33 2
32 2
33 1
33 4
33 5
34 5
34 1
22 9
22 8
23 8
22 7
21 7
23 7
21 6
22 10
42 16
41 16
41 17
40 16
40 15
41 15
40 17
40 18
49 23
50 23
50 22
48 23
48 24
48 22
50 24
50 25
36 41
36 42
35 42
36 43
36 44
35 41
35 40
34 40
16 8
16 7
15 7
16 6
16 5
17 5
15 5
18 5
43 8
43 7
44 7
44 6
42 7
41 7
41 6
40 6
38 33
38 34
39 33
39 32
40 33
41 33
41 34
42 33
4 47
5 47
6 47
4 48
5 48
5 49
6 49
6 48
5 18
6 18
6 19
7 18
7 17
8 18
9 18
9 17
39 7
38 7
39 8
37 7
37 8
37 9
37 6
37 10
2 10
1 10
2 9
1 9
1 8
1 7
2 7
2 6
32 15
31 15
32 14
33 14
32 13
31 13
32 16
34 14
20 9
20 10
20 11
19 10
21 10
19 9
19 8
19 7
35 36
36 36
37 36
38 36
38 35
34 36
34 35
34 37
15 38
14 38
16 38
16 37
15 39
15 40
15 41
15 42
47 33
46 33
47 34
46 34
46 32
47 35
47 36
48 36
10 50
10 49
10 48
11 48
11 47
12 47
13 47
14 47
35 45
36 45
36 46
35 44
35 43
34 45
33 45
34 46
38 30
38 29
37 29
37 30
39 30
40 30
40 31
41 30
9 35
9 36
8 36
10 35
8 37
10 36
11 36
10 37
25 49
26 49
24 49
24 48
23 49
23 50
22 49
21 49
50 40
50 41
49 41
50 42
50 39
49 39
48 41
47 41
12 16
13 16
13 17
14 17
14 18
14 19
11 16
15 17
1 27
1 28
2 28
3 28
3 27
4 27
4 26
5 26
47 42
48 42
47 43
46 43
46 44
45 43
44 43
45 42
18 42
19 42
19 41
19 40
18 40
20 42
20 43
18 41
47 48
48 48
48 47
46 48
47 49
48 49
48 50
49 50
28 25
27 25
27 26
28 26
26 26
26 27
25 26
25 25
39 29
39 28
40 29
41 29
41 28
42 28
41 27
41 26
2 50
2 49
3 50
1 50
1 49
4 50
5 50
6 50
42 2
43 2
42 3
44 2
43 3
45 2
45 3
45 1
30 29
30 30
29 30
29 31
28 31
29 32
27 31
26 31
5 13
4 13
3 13
2 13
1 13
1 14
1 15
2 15
5 40
6 40
6 41
4 40
3 40
2 40
2 39
1 40
44 27
44 28
44 26
43 27
44 25
45 25
46 25
44 24
9 47
8 47
8 48
8 49
9 46
10 46
10 45
9 49
23 13
23 14
22 14
21 14
21 15
21 16
22 16
23 16
29 46
29 45
30 45
28 46
27 46
29 47
30 47
31 47
37 17
38 17
38 16
36 17
35 17
35 16
34 16
35 18
13 22
12 22
12 23
11 23
12 21
14 22
13 23
13 24
17 26
16 26
15 26
16 25
14 26
13 26
13 27
15 27
19 38
19 37
19 36
18 38
19 35
20 38
20 36
17 38
33 42
33 43
34 42
33 41
32 41
32 40
31 40
30 40
47 11
48 11
48 10
48 9
49 9
47 12
49 11
48 8
47 27
47 26
46 26
48 26
49 26
49 27
49 25
46 27
26 18
27 18
27 17
28 17
29 17
29 16
30 16
28 16
13 41
14 41
14 42
14 43
13 40
14 40
12 40
12 39
14 30
14 31
15 31
14 32
13 32
12 32
12 33
12 31
37 44
38 44
38 43
39 44
39 45
39 46
40 46
40 47
24 21
23 21
23 22
22 21
24 22
21 21
22 20
20 21
16 39
16 40
16 41
16 42
16 43
17 42
17 41
17 43
5 25
6 25
7 25
6 24
6 26
7 24
8 24
6 27
21 46
22 46
22 47
22 48
23 47
23 48
21 48
20 46
48 19
49 19
49 20
48 20
50 19
50 18
50 17
50 16
48 40
47 40
47 39
46 39
45 39
45 40
45 38
47 38
36 30
36 31
35 31
35 32
35 33
36 33
34 32
34 33
26 9
26 8
26 7
26 6
26 5
27 5
28 5
27 4
3 21
3 22
4 22
4 23
5 22
6 22
7 22
5 23
19 12
19 11
20 12
21 12
22 12
22 11
23 11
23 10
46 17
47 17
47 16
48 17
49 17
45 17
45 16
46 16
17 10
16 10
17 11
17 12
16 9
17 9
17 8
18 8
29 6
30 6
28 6
28 7
30 7
29 7
30 5
31 5
44 32
44 31
45 32
44 33
45 33
45 34
45 31
43 33
23 2
22 2
22 3
23 3
23 1
24 1
21 2
24 3
45 15
46 15
46 14
47 14
46 13
47 13
46 12
46 11
9 31
10 31
10 30
8 31
8 30
7 30
7 29
10 32
17 23
18 23
19 23
19 22
19 21
19 24
18 21
20 23
3 11
2 11
2 12
1 12
3 12
1 11
4 12
3 10
22 40
22 41
23 40
22 39
22 38
23 38
23 37
23 39
23 20
23 19
23 18
22 18
23 17
22 17
24 17
25 17
42 36
42 35
43 36
42 37
43 35
43 34
44 35
41 35
4 42
3 42
3 43
2 43
3 44
5 42
4 41
3 41
27 19
28 19
28 20
28 21
27 21
27 22
29 19
30 19
36 38
35 38
34 38
34 39
35 39
33 38
32 38
33 37
13 15
13 14
12 14
13 13
12 13
13 12
13 11
14 12
20 19
19 19
19 20
19 18
19 17
20 17
20 18
21 18
34 13
35 13
36 13
35 14
35 12
35 11
35 15
35 10
30 9
31 9
31 10
30 10
30 11
32 9
29 9
32 10
41 46
42 46
43 46
42 47
44 46
43 45
42 45
42 48
1 17
2 17
2 18
2 19
1 19
3 18
3 19
1 18
35 2
35 1
36 2
36 1
37 1
38 1
39 1
39 2
31 22
30 22
32 22
30 23
29 22
30 24
29 24
31 23
9 15
9 16
10 15
9 14
10 16
11 15
10 14
10 17
36 47
35 47
37 47
38 47
38 48
38 49
38 50
37 48
31 33
32 33
32 34
33 34
31 32
31 31
30 32
31 30
35 22
36 22
37 22
36 21
37 21
35 23
34 23
33 23
19 27
19 26
20 26
18 27
18 28
20 25
17 27
19 25
38 12
37 12
37 11
39 12
38 13
38 14
37 14
39 14
41 4
40 4
40 3
40 2
39 3
42 4
41 5
40 5
8 3
8 2
9 3
10 3
10 2
11 2
11 1
12 2
45 44
45 45
44 45
45 46
45 47
45 48
45 49
46 49
35 8
36 8
36 9
36 10
35 7
34 7
33 7
32 7
30 42
29 42
29 43
29 41
28 41
29 40
30 41
28 42
26 34
26 33
27 33
25 33
25 34
28 33
28 34
25 35
46 50
47 50
45 50
44 50
43 50
42 50
42 49
43 49
42 31
42 32
41 31
41 32
40 32
43 31
43 30
43 29
35 35
35 34
36 34
34 34
37 34
37 35
37 33
37 32
31 46
30 46
31 45
32 45
32 44
31 44
33 44
30 44
10 33
9 33
9 32
11 33
11 34
12 34
12 35
13 35
4 34
4 33
3 33
5 33
4 35
3 35
2 33
2 34
28 15
27 15
27 14
26 14
25 14
25 13
26 15
27 13
1 41
1 42
2 41
2 42
1 43
1 44
1 45
2 45
21 31
21 32
21 33
22 33
20 33
23 33
22 32
20 31
12 27
12 28
13 28
13 29
12 29
11 29
11 30
11 27
45 19
45 20
45 21
45 22
45 23
46 22
44 19
46 20
37 27
37 28
36 28
38 28
36 29
35 29
34 29
33 29
9 24
9 23
9 22
8 22
8 21
8 20
9 25
10 25
50 21
50 20
49 21
48 21
47 21
47 20
47 22
47 23
14 8
14 9
15 8
15 9
14 10
13 10
15 10
15 11
1 37
1 38
1 36
1 35
2 35
1 39
2 36
3 36
48 16
49 16
48 15
47 15
49 15
49 14
50 14
50 13
1 16
2 16
3 16
3 15
4 15
4 16
5 15
6 15
48 13
48 12
49 12
50 12
49 13
48 14
50 11
50 10
40 10
40 9
39 10
38 10
38 9
38 8
41 9
42 9
41 40
42 40
43 40
43 39
43 38
43 41
44 41
44 38
25 48
25 47
26 47
24 47
25 46
25 45
24 45
27 47
28 29
28 28
27 28
28 30
27 30
26 30
26 29
25 29
18 39
19 39
17 39
20 39
20 40
20 41
21 41
21 42
31 25
32 25
33 25
34 25
34 26
35 26
35 27
34 27
13 20
12 20
12 19
11 19
11 20
12 18
11 21
10 21
47 8
47 7
48 7
49 7
47 6
49 8
46 8
46 9
16 29
16 30
16 28
15 29
15 30
17 28
15 28
16 31
7 7
7 6
8 6
8 5
6 6
7 5
9 5
10 5
11 28
10 28
10 27
9 27
8 27
9 28
9 29
8 29
4 29
5 29
5 30
6 30
6 29
6 28
3 29
4 30
29 50
30 50
29 49
31 50
32 50
32 49
31 49
31 48
20 27
21 27
22 27
21 26
21 25
21 24
22 24
21 23
12 4
11 4
13 4
14 4
13 3
14 3
15 3
15 2
7 21
6 21
5 21
5 20
7 20
4 20
5 19
7 19
33 22
33 21
33 20
33 19
32 20
34 22
33 18
32 18
16 48
15 48
17 48
16 47
15 47
15 46
15 45
15 44
40 44
40 43
40 45
41 45
41 44
41 43
41 42
42 42
20 7
20 8
21 8
21 9
20 6
20 5
20 4
21 4
49 2
50 2
50 3
48 2
48 1
47 2
48 3
46 2
16 20
17 20
16 21
16 19
17 19
17 18
17 17
17 16
10 7
10 8
10 6
11 6
12 6
13 6
14 6
11 7
3 4
4 4
2 4
3 3
3 2
3 1
4 1
5 1
17 37
18 37
17 36
17 35
16 35
16 34
16 33
16 32
42 11
43 11
43 12
42 10
44 12
44 13
43 13
43 14
14 33
15 33
15 34
15 35
15 36
14 36
14 34
15 32
37 25
37 26
36 26
38 26
37 24
36 24
35 24
36 23
9 4
10 4
8 4
7 4
6 4
6 3
5 3
6 5
6 32
5 32
7 32
6 33
6 34
6 35
7 35
6 31
39 34
40 34
39 35
40 35
40 36
40 37
40 38
41 38
7 49
7 50
7 48
7 47
7 46
6 46
5 46
4 46
29 39
30 39
30 38
30 37
29 37
30 36
28 37
31 36
7 3
7 2
7 1
6 1
6 2
5 2
4 2
4 3
35 21
34 21
34 20
34 19
34 18
34 17
35 20
36 20
6 38
6 37
7 38
6 39
7 39
7 40
8 40
9 40
10 22
11 22
10 23
10 24
11 24
11 25
11 26
12 25
33 39
33 40
32 39
31 39
31 38
31 37
32 37
32 36
36 6
36 5
36 7
37 5
37 4
38 4
38 5
38 6
37 23
38 23
39 23
38 22
39 22
39 21
40 21
41 21
4 37
3 37
5 37
5 36
4 38
2 37
5 38
3 38
4 31
4 32
3 32
5 31
3 31
2 31
1 31
2 30
9 41
9 42
10 42
8 42
7 42
8 43
7 43
8 44
25 32
25 31
25 30
24 30
24 29
24 28
25 28
23 28
10 34
9 34
8 34
8 33
7 34
8 35
8 32
7 33
23 4
23 5
23 6
22 5
24 4
25 4
25 5
24 5
13 7
12 7
12 8
12 9
11 9
10 9
11 8
13 8
30 3
31 3
31 4
29 3
29 2
29 1
28 3
29 4
17 3
17 2
16 2
16 1
17 1
18 1
17 4
19 1
38 15
39 15
37 15
36 15
37 16
36 14
36 16
39 16
45 9
45 8
44 8
44 9
45 7
45 6
45 5
45 4
2 2
1 2
1 1
2 3
1 3
2 1
1 4
1 5
39 50
40 50
40 49
40 48
39 48
41 49
41 48
41 47
17 14
18 14
16 14
16 15
15 15
15 16
15 14
16 16
18 24
18 25
17 25
17 24
16 24
15 24
15 23
15 25
44 37
43 37
44 36
45 36
46 36
46 37
47 37
48 37
33 27
33 28
32 27
32 28
32 29
32 30
31 28
33 30
12 44
13 44
12 43
13 45
11 43
12 42
14 45
14 46
34 10
34 9
33 10
33 9
33 11
32 11
34 8
33 8
26 37
25 37
25 38
24 37
24 36
25 36
23 36
26 36
46 30
46 29
47 29
46 28
48 29
49 29
48 28
47 30
24 26
23 26
24 27
25 27
24 25
24 24
25 24
26 24
6 11
7 11
5 11
7 12
7 10
7 9
6 9
5 9
30 27
29 27
30 26
29 26
31 26
30 25
31 27
29 28
21 36
21 35
21 37
21 34
22 36
22 35
21 38
20 37
23 34
22 34
23 35
24 35
24 34
24 33
24 32
23 32
29 13
29 12
28 12
27 12
28 13
30 12
31 12
26 12
24 19
24 18
24 20
25 20
26 20
26 21
26 22
27 20
42 19
42 18
41 19
40 19
40 20
41 20
42 20
43 20
8 19
9 19
10 19
10 18
11 18
11 17
10 20
9 20
41 41
40 41
42 41
39 41
39 42
39 43
40 42
40 40
18 32
17 32
18 31
18 30
19 30
19 31
17 31
18 33
5 43
6 43
6 44
6 42
7 44
5 44
5 45
4 45
14 49
14 50
13 50
13 49
13 48
12 49
12 48
11 49
4 24
3 24
3 23
2 24
2 23
2 22
2 21
2 20
49 3
49 4
50 4
50 5
50 6
49 6
50 7
48 6
32 19
31 19
31 18
30 18
31 17
32 17
29 18
31 20
49 35
49 34
50 34
50 33
50 32
49 32
48 32
48 34
40 22
41 22
42 22
43 22
42 23
42 24
42 25
43 25
34 6
35 6
33 6
32 6
32 5
31 6
31 7
35 5
20 32
19 32
19 33
19 34
18 34
18 35
20 34
17 34
20 44
21 44
20 45
21 43
19 45
19 46
19 47
18 47
28 22
28 23
28 24
27 24
29 23
27 23
26 23
25 23
50 37
50 36
50 38
49 36
50 35
49 37
49 38
48 38
10 40
10 39
11 39
9 39
9 38
11 38
12 38
8 39
26 3
27 3
27 2
27 1
26 1
28 1
25 3
25 2
18 50
17 50
19 50
18 49
17 49
20 50
21 50
18 48
23 43
24 43
24 44
23 44
23 45
23 46
22 45
22 43
38 37
39 37
37 37
36 37
37 38
35 37
38 38
39 38
20 1
20 2
20 3
19 2
19 3
19 4
18 2
21 1
16 46
17 46
17 47
17 45
18 45
18 44
17 44
16 44
22 15
23 15
24 15
24 14
25 15
25 16
26 16
26 17
14 37
13 37
13 36
12 36
15 37
12 37
11 37
13 38
37 19
36 19
38 19
38 20
38 18
39 18
37 18
36 18
26 46
26 45
27 45
27 44
28 44
28 45
29 44
26 44
48 43
48 44
47 44
47 45
47 46
48 46
47 47
46 46
27 34
27 35
27 36
28 35
29 35
30 35
31 35
28 36
6 45
7 45
8 45
9 45
9 44
10 44
9 43
10 43
34 49
34 48
33 49
33 48
33 47
34 50
33 50
32 48
10 26
9 26
8 26
7 26
8 25
7 27
7 28
8 28
24 38
24 39
24 40
25 40
26 40
27 40
24 41
25 41
27 11
26 11
28 11
28 10
28 9
29 11
29 10
28 8
44 21
43 21
44 22
44 20
42 21
44 23
43 23
43 24
28 38
27 38
27 39
28 39
28 40
26 38
29 38
27 37
4 10
5 10
4 9
3 9
3 8
3 7
3 6
4 7
36 48
36 49
36 50
37 50
35 50
35 48
35 49
37 49
6 16
7 16
5 16
5 17
4 17
6 17
4 18
4 19
30 48
30 49
29 48
28 48
27 48
28 47
28 49
28 50
49 31
48 31
47 31
50 31
49 30
48 30
46 31
47 32
23 24
23 23
22 23
23 25
22 25
24 23
22 22
21 22
18 20
18 19
18 18
18 17
18 16
19 16
20 16
20 15
8 11
8 10
9 10
8 12
8 9
8 8
9 8
10 10
4 6
4 5
3 5
2 5
5 6
5 7
6 7
6 8
14 13
15 13
15 12
16 12
16 11
14 14
16 13
17 13
